[
    {
        "__class__": "ALPcouplings",
        "values": {
            "cuV_Re": [
                [
                    1.9963105271676271,
                    -0.20102611628502587
                ],
                [
                    -0.20102611628502587,
                    -0.9939097674763673
                ]
            ],
            "cuA_Re": [
                [
                    7.991857387419588,
                    -0.12060848502608695
                ],
                [
                    -0.12060848502608695,
                    3.007851245010774
                ]
            ],
            "cdV_Re": [
                [
                    1.9908531091674386,
                    1.377342985303214,
                    -0.7704396397482701
                ],
                [
                    1.3773429853032135,
                    1.4127561904700323,
                    0.0012736851352977696
                ],
                [
                    -0.7704396397482699,
                    0.0012736851352974365,
                    1.6000927783177277
                ]
            ],
            "cdA_Re": [
                [
                    5.010291290970802,
                    -0.6373749056218492,
                    1.443080888708006
                ],
                [
                    -0.6373749056218492,
                    5.135612535455345,
                    0.49635597717665036
                ],
                [
                    1.443080888708006,
                    0.4963559771766499,
                    4.853187920481359
                ]
            ],
            "ceV_Re": [
                [
                    6.994591235929066,
                    0.18023754889289886,
                    0.10978951781408966
                ],
                [
                    0.18023754889289886,
                    4.1004263047490594,
                    -0.9905924195175483
                ],
                [
                    0.10978951781408969,
                    -0.9905924195175481,
                    3.908216087180895
                ]
            ],
            "ceA_Re": [
                [
                    8.990180764821059,
                    0.1170025385760324,
                    0.16038247916918238
                ],
                [
                    0.1170025385760324,
                    4.101301453265584,
                    -0.9921942115810062
                ],
                [
                    0.1603824791691824,
                    -0.992194211581006,
                    3.908369853995322
                ]
            ],
            "cnu_Re": [
                [
                    -0.9991906160362043,
                    1.7176950732219536e-09,
                    5.1575316956111076e-08
                ],
                [
                    1.7176950732219536e-09,
                    0.0008100845176656645,
                    1.4939615554114069e-07
                ],
                [
                    5.157531695611111e-08,
                    1.4939615554114069e-07,
                    0.0008105759442647005
                ]
            ],
            "cG_Re": -13.0,
            "cgamma_Re": -36.66666666666667,
            "cuV_Im": [
                [
                    0.0,
                    0.0
                ],
                [
                    0.0,
                    -9.956824444577827e-60
                ]
            ],
            "cuA_Im": [
                [
                    -1.657574659792005e-43,
                    0.0
                ],
                [
                    0.0,
                    -1.6575746597920051e-43
                ]
            ],
            "cdV_Im": [
                [
                    1.3569373048688543e-37,
                    -6.019738740088023e-21,
                    4.06963787667815e-21
                ],
                [
                    6.019738740088023e-21,
                    -1.3569373048688543e-37,
                    3.1403143702277313e-21
                ],
                [
                    -4.06963787667815e-21,
                    -3.1403143702277313e-21,
                    -4.2404290777151695e-39
                ]
            ],
            "cdA_Im": [
                [
                    -1.356938961665815e-37,
                    6.019738740088023e-21,
                    -4.06963787667815e-21
                ],
                [
                    -6.019738740088023e-21,
                    1.3569356480718934e-37,
                    -3.1403143702277313e-21
                ],
                [
                    4.06963787667815e-21,
                    3.1403143702277313e-21,
                    4.2402633980190756e-39
                ]
            ],
            "ceV_Im": [
                [
                    -2.3330965556377555e-46,
                    0.0,
                    0.0
                ],
                [
                    0.0,
                    -2.3330965556377555e-46,
                    0.0
                ],
                [
                    0.0,
                    0.0,
                    -2.3330965556377555e-46
                ]
            ],
            "ceA_Im": [
                [
                    0.0,
                    0.0,
                    0.0
                ],
                [
                    0.0,
                    0.0,
                    0.0
                ],
                [
                    0.0,
                    0.0,
                    0.0
                ]
            ],
            "cnu_Im": [
                [
                    0.0,
                    0.0,
                    0.0
                ],
                [
                    0.0,
                    0.0,
                    0.0
                ],
                [
                    0.0,
                    0.0,
                    0.0
                ]
            ],
            "cG_Im": 0.0,
            "cgamma_Im": 0.0
        },
        "scale": 4.183,
        "basis": "VA_below",
        "ew_scale": 100
    },
    {
        "__class__": "ALPcouplings",
        "values": {
            "cuV_Re": [
                [
                    1.99651050266213,
                    -0.20102603115606738
                ],
                [
                    -0.20102603115606738,
                    -0.9937028090947087
                ]
            ],
            "cuA_Re": [
                [
                    7.992045017191204,
                    -0.12060855203758403
                ],
                [
                    -0.12060855203758407,
                    3.0080312132518303
                ]
            ],
            "cdV_Re": [
                [
                    1.9886598480202209,
                    1.3749211775063728,
                    -0.7747697683867871
                ],
                [
                    1.3749211775063723,
                    1.4134213685922197,
                    0.0008725654562390106
                ],
                [
                    -0.7747697683867871,
                    0.0008725654562386775,
                    1.6010239807912183
                ]
            ],
            "cdA_Re": [
                [
                    5.012098538482974,
                    -0.6328018076415353,
                    1.4450324436142021
                ],
                [
                    -0.6328018076415352,
                    5.1376972858471035,
                    0.4964359741437885
                ],
                [
                    1.4450324436142021,
                    0.49643597414378837,
                    4.848618207273075
                ]
            ],
            "ceV_Re": [
                [
                    6.9943987526069895,
                    0.18023736067135349,
                    0.10978930556263936
                ],
                [
                    0.18023736067135343,
                    4.100229125393511,
                    -0.9905909612438611
                ],
                [
                    0.10978930556263931,
                    -0.9905909612438611,
                    3.908016827809371
                ]
            ],
            "ceA_Re": [
                [
                    8.989984578675198,
                    0.11700238648031543,
                    0.16038222297304103
                ],
                [
                    0.11700238648031537,
                    4.101091179019308,
                    -0.9921899573005132
                ],
                [
                    0.160382222973041,
                    -0.9921899573005132,
                    3.9081533397011157
                ]
            ],
            "cnu_Re": [
                [
                    -0.999194057123762,
                    1.2092824672018189e-08,
                    3.631079262782001e-07
                ],
                [
                    1.2092824672018189e-08,
                    0.0008108749435362802,
                    1.0517798321890206e-06
                ],
                [
                    3.631079262782001e-07,
                    1.0517798321890206e-06,
                    0.0008143348085649183
                ]
            ],
            "cG_Re": -13.0,
            "cgamma_Re": -36.66666666666667,
            "cuV_Im": [
                [
                    0.0,
                    0.0
                ],
                [
                    0.0,
                    0.0
                ]
            ],
            "cuA_Im": [
                [
                    1.6816047850398546e-43,
                    0.0
                ],
                [
                    0.0,
                    1.6816047850398546e-43
                ]
            ],
            "cdV_Im": [
                [
                    0.0,
                    -6.109051411241809e-21,
                    4.161127540845595e-21
                ],
                [
                    6.109051411241809e-21,
                    0.0,
                    3.199040602060372e-21
                ],
                [
                    -4.161127540845595e-21,
                    -3.199040602060372e-21,
                    4.30221391228903e-39
                ]
            ],
            "cdA_Im": [
                [
                    1.6808157849393946e-43,
                    6.109051411241809e-21,
                    -4.161127540845595e-21
                ],
                [
                    -6.109051411241809e-21,
                    1.6808157849393946e-43,
                    -3.199040602060372e-21
                ],
                [
                    4.161127540845595e-21,
                    3.199040602060372e-21,
                    -4.302045830710536e-39
                ]
            ],
            "ceV_Im": [
                [
                    2.3670003013796708e-46,
                    0.0,
                    0.0
                ],
                [
                    0.0,
                    2.3670003013796708e-46,
                    0.0
                ],
                [
                    0.0,
                    0.0,
                    2.3670003013796708e-46
                ]
            ],
            "ceA_Im": [
                [
                    0.0,
                    0.0,
                    0.0
                ],
                [
                    0.0,
                    0.0,
                    0.0
                ],
                [
                    0.0,
                    0.0,
                    0.0
                ]
            ],
            "cnu_Im": [
                [
                    0.0,
                    0.0,
                    0.0
                ],
                [
                    0.0,
                    0.0,
                    0.0
                ],
                [
                    0.0,
                    0.0,
                    0.0
                ]
            ],
            "cG_Im": 0.0,
            "cgamma_Im": 0.0
        },
        "scale": 4.183,
        "basis": "VA_below",
        "ew_scale": 100
    },
    {
        "__class__": "ALPcouplings",
        "values": {
            "cuV_Re": [
                [
                    1.9967123750564957,
                    -0.2010259446091153
                ],
                [
                    -0.2010259446091153,
                    -0.9934938397172248
                ]
            ],
            "cuA_Re": [
                [
                    7.992234316509397,
                    -0.12060862016575283
                ],
                [
                    -0.12060862016575283,
                    3.0082127256106714
                ]
            ],
            "cdV_Re": [
                [
                    1.9864370851309392,
                    1.3724537368590572,
                    -0.7791439450883341
                ],
                [
                    1.372453736859057,
                    1.4140876313030555,
                    0.000466832411552931
                ],
                [
                    -0.779143945088334,
                    0.0004668324115530975,
                    1.6019779585115286
                ]
            ],
            "cdA_Re": [
                [
                    5.0139317714282114,
                    -0.6281640840876712,
                    1.4469914084911282
                ],
                [
                    -0.6281640840876711,
                    5.139814061949808,
                    0.4964957032932019
                ],
                [
                    1.4469914084911288,
                    0.4964957032932016,
                    4.84398364656462
                ]
            ],
            "ceV_Re": [
                [
                    6.994204504774618,
                    0.18023717299560246,
                    0.10978909392718882
                ],
                [
                    0.18023717299560246,
                    4.1000301953769025,
                    -0.9905895072050979
                ],
                [
                    0.10978909392718882,
                    -0.9905895072050979,
                    3.907815823950625
                ]
            ],
            "ceA_Re": [
                [
                    8.989786605602102,
                    0.11700223482565478,
                    0.16038196752039818
                ],
                [
                    0.11700223482565478,
                    4.100879159393509,
                    -0.9921857153740776
                ],
                [
                    0.16038196752039818,
                    -0.9921857153740776,
                    3.90793509854887
                ]
            ],
            "cnu_Re": [
                [
                    -0.9991975204884347,
                    2.243688439084004e-08,
                    6.737249822730148e-07
                ],
                [
                    2.243688439084004e-08,
                    0.0008116305318542698,
                    1.9514765263180177e-06
                ],
                [
                    6.737249822730148e-07,
                    1.9514765263180177e-06,
                    0.0008180502031081991
                ]
            ],
            "cG_Re": -13.0,
            "cgamma_Re": -36.66666666666667,
            "cuV_Im": [
                [
                    0.0,
                    0.0
                ],
                [
                    0.0,
                    9.956824444577827e-60
                ]
            ],
            "cuA_Im": [
                [
                    -1.7051683634314853e-43,
                    0.0
                ],
                [
                    0.0,
                    -1.7051683634314853e-43
                ]
            ],
            "cdV_Im": [
                [
                    0.0,
                    -6.1963558711987336e-21,
                    4.252837213646828e-21
                ],
                [
                    6.1963558711987336e-21,
                    0.0,
                    3.2572500093723427e-21
                ],
                [
                    -4.252837213646828e-21,
                    -3.2572500093723427e-21,
                    -4.362815815158522e-39
                ]
            ],
            "cdA_Im": [
                [
                    -1.7043682800615619e-43,
                    6.1963558711987336e-21,
                    -4.252837213646828e-21
                ],
                [
                    -6.1963558711987336e-21,
                    -1.7043682800615619e-43,
                    -3.2572500093723427e-21
                ],
                [
                    4.252837213646828e-21,
                    3.2572500093723427e-21,
                    4.3626453783305164e-39
                ]
            ],
            "ceV_Im": [
                [
                    -2.400250109768647e-46,
                    0.0,
                    0.0
                ],
                [
                    0.0,
                    -2.400250109768647e-46,
                    0.0
                ],
                [
                    0.0,
                    0.0,
                    -2.400250109768647e-46
                ]
            ],
            "ceA_Im": [
                [
                    0.0,
                    0.0,
                    0.0
                ],
                [
                    0.0,
                    0.0,
                    0.0
                ],
                [
                    0.0,
                    0.0,
                    0.0
                ]
            ],
            "cnu_Im": [
                [
                    0.0,
                    0.0,
                    0.0
                ],
                [
                    0.0,
                    0.0,
                    0.0
                ],
                [
                    0.0,
                    0.0,
                    0.0
                ]
            ],
            "cG_Im": 0.0,
            "cgamma_Im": 0.0
        },
        "scale": 4.183,
        "basis": "VA_below",
        "ew_scale": 100
    },
    {
        "__class__": "ALPcouplings",
        "values": {
            "cuV_Re": [
                [
                    1.996916022270839,
                    -0.20102585668712492
                ],
                [
                    -0.20102585668712494,
                    -0.9932829850373672
                ]
            ],
            "cuA_Re": [
                [
                    7.9924251684939,
                    -0.12060868937682184
                ],
                [
                    -0.12060868937682187,
                    3.0083956691626774
                ]
            ],
            "cdV_Re": [
                [
                    1.9841861998464845,
                    1.369942009087985,
                    -0.7835584336399734
                ],
                [
                    1.3699420090879852,
                    1.4147542289935304,
                    5.682369205753379e-05
                ],
                [
                    -0.7835584336399732,
                    5.6823692057700326e-05,
                    1.6029544529042707
                ]
            ],
            "cdA_Re": [
                [
                    5.015789847495556,
                    -0.6234650220989203,
                    1.4489556425347687
                ],
                [
                    -0.6234650220989202,
                    5.141961224676577,
                    0.4965343512869975
                ],
                [
                    1.4489556425347685,
                    0.49653435128699785,
                    4.8392874186789765
                ]
            ],
            "ceV_Re": [
                [
                    6.994008610831013,
                    0.1802369858781534,
                    0.1097888829218447
                ],
                [
                    0.18023698587815346,
                    4.099829633410864,
                    -0.9905880574981283
                ],
                [
                    0.10978888292184465,
                    -0.9905880574981282,
                    3.9076131944545054
                ]
            ],
            "ceA_Re": [
                [
                    8.989586966642072,
                    0.1170020836221598,
                    0.16038171282827673
                ],
                [
                    0.1170020836221599,
                    4.10066551636617,
                    -0.9921814860843121
                ],
                [
                    0.16038171282827668,
                    -0.992181486084312,
                    3.907715252931313
                ]
            ],
            "cnu_Re": [
                [
                    -0.9992010036851506,
                    3.2749187542616004e-08,
                    9.834057634371198e-07
                ],
                [
                    3.2749187542616004e-08,
                    0.0008123534459613919,
                    2.8484262495944388e-06
                ],
                [
                    9.834057634371198e-07,
                    2.8484262495944388e-06,
                    0.0008217240940316331
                ]
            ],
            "cG_Re": -13.0,
            "cgamma_Re": -36.66666666666667,
            "cuV_Im": [
                [
                    0.0,
                    0.0
                ],
                [
                    0.0,
                    0.0
                ]
            ],
            "cuA_Im": [
                [
                    0.0,
                    0.0
                ],
                [
                    0.0,
                    0.0
                ]
            ],
            "cdV_Im": [
                [
                    0.0,
                    -6.281618529226177e-21,
                    4.3447330981216906e-21
                ],
                [
                    6.281618529226177e-21,
                    0.0,
                    3.314913290267408e-21
                ],
                [
                    -4.3447330981216906e-21,
                    -3.314913290267408e-21,
                    0.0
                ]
            ],
            "cdA_Im": [
                [
                    0.0,
                    6.281618529226177e-21,
                    -4.3447330981216906e-21
                ],
                [
                    -6.281618529226177e-21,
                    0.0,
                    -3.314913290267408e-21
                ],
                [
                    4.3447330981216906e-21,
                    3.314913290267408e-21,
                    0.0
                ]
            ],
            "ceV_Im": [
                [
                    0.0,
                    0.0,
                    0.0
                ],
                [
                    0.0,
                    0.0,
                    0.0
                ],
                [
                    0.0,
                    0.0,
                    0.0
                ]
            ],
            "ceA_Im": [
                [
                    0.0,
                    0.0,
                    0.0
                ],
                [
                    0.0,
                    0.0,
                    0.0
                ],
                [
                    0.0,
                    0.0,
                    0.0
                ]
            ],
            "cnu_Im": [
                [
                    0.0,
                    0.0,
                    0.0
                ],
                [
                    0.0,
                    0.0,
                    0.0
                ],
                [
                    0.0,
                    0.0,
                    0.0
                ]
            ],
            "cG_Im": 0.0,
            "cgamma_Im": 0.0
        },
        "scale": 4.183,
        "basis": "VA_below",
        "ew_scale": 100
    },
    {
        "__class__": "ALPcouplings",
        "values": {
            "cuV_Re": [
                [
                    1.9971213270084767,
                    -0.20102576743188694
                ],
                [
                    -0.20102576743188696,
                    -0.9930703658672442
                ]
            ],
            "cuA_Re": [
                [
                    7.992617460964327,
                    -0.1206087596379331
                ],
                [
                    -0.12060875963793313,
                    3.008579935575738
                ]
            ],
            "cdV_Re": [
                [
                    1.981908530419524,
                    1.3673873451246943,
                    -0.7880095853601761
                ],
                [
                    1.3673873451246945,
                    1.4154204442630736,
                    -0.0003571288648615556
                ],
                [
                    -0.7880095853601762,
                    -0.00035712886486169437,
                    1.6039531997061582
                ]
            ],
            "cdA_Re": [
                [
                    5.017671656060888,
                    -0.6187078616761792,
                    1.4509230753576419
                ],
                [
                    -0.6187078616761794,
                    5.14413713897009,
                    0.4965511617480618
                ],
                [
                    1.4509230753576419,
                    0.4965511617480616,
                    4.8345326529541826
                ]
            ],
            "ceV_Re": [
                [
                    6.993811184479712,
                    0.18023679933045567,
                    0.10978867255951007
                ],
                [
                    0.18023679933045564,
                    4.099627553484693,
                    -0.9905866122115892
                ],
                [
                    0.10978867255951004,
                    -0.9905866122115892,
                    3.907409053436725
                ]
            ],
            "ceA_Re": [
                [
                    8.98938577802489,
                    0.11700193287908156,
                    0.16038145891225172
                ],
                [
                    0.11700193287908153,
                    4.100450367024374,
                    -0.9921772696897986
                ],
                [
                    0.1603814589122517,
                    -0.9921772696897986,
                    3.9074939203146966
                ]
            ],
            "cnu_Re": [
                [
                    -0.9992045043752933,
                    4.3029106741412996e-08,
                    1.2921313208079386e-06
                ],
                [
                    4.3029106741412996e-08,
                    0.0008130457669591384,
                    3.7425741781995585e-06
                ],
                [
                    1.2921313208079383e-06,
                    3.7425741781995585e-06,
                    0.0008253583820163047
                ]
            ],
            "cG_Re": -13.0,
            "cgamma_Re": -36.66666666666667,
            "cuV_Im": [
                [
                    0.0,
                    0.0
                ],
                [
                    0.0,
                    0.0
                ]
            ],
            "cuA_Im": [
                [
                    1.7509011659576066e-43,
                    0.0
                ],
                [
                    0.0,
                    1.7509011659576066e-43
                ]
            ],
            "cdV_Im": [
                [
                    0.0,
                    -6.364808171331143e-21,
                    4.4367807381313816e-21
                ],
                [
                    6.364808171331143e-21,
                    0.0,
                    3.372001588683525e-21
                ],
                [
                    -4.4367807381313816e-21,
                    -3.372001588683525e-21,
                    4.480483460292798e-39
                ]
            ],
            "cdA_Im": [
                [
                    1.7500795675826545e-43,
                    6.364808171331143e-21,
                    -4.4367807381313816e-21
                ],
                [
                    -6.364808171331143e-21,
                    1.7500795675826545e-43,
                    -3.372001588683525e-21
                ],
                [
                    4.4367807381313816e-21,
                    3.372001588683525e-21,
                    -4.48030845233604e-39
                ]
            ],
            "ceV_Im": [
                [
                    2.4647951248576468e-46,
                    0.0,
                    0.0
                ],
                [
                    0.0,
                    2.4647951248576468e-46,
                    0.0
                ],
                [
                    0.0,
                    0.0,
                    2.4647951248576468e-46
                ]
            ],
            "ceA_Im": [
                [
                    0.0,
                    0.0,
                    0.0
                ],
                [
                    0.0,
                    0.0,
                    0.0
                ],
                [
                    0.0,
                    0.0,
                    0.0
                ]
            ],
            "cnu_Im": [
                [
                    0.0,
                    0.0,
                    0.0
                ],
                [
                    0.0,
                    0.0,
                    0.0
                ],
                [
                    0.0,
                    0.0,
                    0.0
                ]
            ],
            "cG_Im": 0.0,
            "cgamma_Im": 0.0
        },
        "scale": 4.183,
        "basis": "VA_below",
        "ew_scale": 100
    },
    {
        "__class__": "ALPcouplings",
        "values": {
            "cuV_Re": [
                [
                    1.9973281766382427,
                    -0.2010256768841334
                ],
                [
                    -0.20102567688413336,
                    -0.99285609825785
                ]
            ],
            "cuA_Re": [
                [
                    7.99281108632448,
                    -0.12060883091704819
                ],
                [
                    -0.12060883091704816,
                    3.0087654209973302
                ]
            ],
            "cdV_Re": [
                [
                    1.9796053748436258,
                    1.3647911008362759,
                    -0.79249383967038
                ],
                [
                    1.3647911008362763,
                    1.4160855916911832,
                    -0.000774699395103523
                ],
                [
                    -0.7924938396703802,
                    -0.000774699395103523,
                    1.6049739287100477
                ]
            ],
            "cdA_Re": [
                [
                    5.019576117582566,
                    -0.6138957951525001,
                    1.452891707361381
                ],
                [
                    -0.6138957951525004,
                    5.1463401752086835,
                    0.49654543547566454
                ],
                [
                    1.4528917073613807,
                    0.4965454354756642,
                    4.829722427325295
                ]
            ],
            "ceV_Re": [
                [
                    6.9936123348440375,
                    0.18023661336294858,
                    0.10978846285194935
                ],
                [
                    0.1802366133629485,
                    4.099424064982059,
                    -0.9905851714262857
                ],
                [
                    0.10978846285194938,
                    -0.9905851714262853,
                    3.9072035103960405
                ]
            ],
            "ceA_Re": [
                [
                    8.989183151287842,
                    0.11700178260485158,
                    0.16038120578652523
                ],
                [
                    0.1170017826048515,
                    4.100233823686449,
                    -0.9921730664262856
                ],
                [
                    0.16038120578652526,
                    -0.9921730664262852,
                    3.907271213362621
                ]
            ],
            "cnu_Re": [
                [
                    -0.9992080203241815,
                    5.327607089579865e-08,
                    1.599884388410859e-06
                ],
                [
                    5.327607089579865e-08,
                    0.0008137094950026753,
                    4.633870391236274e-06
                ],
                [
                    1.599884388410859e-06,
                    4.633870391236274e-06,
                    0.000828954902735062
                ]
            ],
            "cG_Re": -13.0,
            "cgamma_Re": -36.66666666666667,
            "cuV_Im": [
                [
                    0.0,
                    0.0
                ],
                [
                    0.0,
                    0.0
                ]
            ],
            "cuA_Im": [
                [
                    0.0,
                    0.0
                ],
                [
                    0.0,
                    0.0
                ]
            ],
            "cdV_Im": [
                [
                    1.4520188011743628e-37,
                    -6.445895974418056e-21,
                    4.52894508349935e-21
                ],
                [
                    6.445895974418056e-21,
                    -1.4520188011743628e-37,
                    3.428486552237578e-21
                ],
                [
                    -4.52894508349935e-21,
                    -3.428486552237578e-21,
                    0.0
                ]
            ],
            "cdA_Im": [
                [
                    -1.4520188011743628e-37,
                    6.445895974418056e-21,
                    -4.52894508349935e-21
                ],
                [
                    -6.445895974418056e-21,
                    1.4520188011743628e-37,
                    -3.428486552237578e-21
                ],
                [
                    4.52894508349935e-21,
                    3.428486552237578e-21,
                    0.0
                ]
            ],
            "ceV_Im": [
                [
                    0.0,
                    0.0,
                    0.0
                ],
                [
                    0.0,
                    0.0,
                    0.0
                ],
                [
                    0.0,
                    0.0,
                    0.0
                ]
            ],
            "ceA_Im": [
                [
                    0.0,
                    0.0,
                    0.0
                ],
                [
                    0.0,
                    0.0,
                    0.0
                ],
                [
                    0.0,
                    0.0,
                    0.0
                ]
            ],
            "cnu_Im": [
                [
                    0.0,
                    0.0,
                    0.0
                ],
                [
                    0.0,
                    0.0,
                    0.0
                ],
                [
                    0.0,
                    0.0,
                    0.0
                ]
            ],
            "cG_Im": 0.0,
            "cgamma_Im": 0.0
        },
        "scale": 4.183,
        "basis": "VA_below",
        "ew_scale": 100
    },
    {
        "__class__": "ALPcouplings",
        "values": {
            "cuV_Re": [
                [
                    1.9975364630751997,
                    -0.20102558508343205
                ],
                [
                    -0.20102558508343202,
                    -0.9926402936208245
                ]
            ],
            "cuA_Re": [
                [
                    7.993005941444801,
                    -0.12060890318305528
                ],
                [
                    -0.12060890318305531,
                    3.008952025939669
                ]
            ],
            "cdV_Re": [
                [
                    1.9772779916870373,
                    1.3621546366035702,
                    -0.7970077246368157
                ],
                [
                    1.3621546366035697,
                    1.4167490175510713,
                    -0.0011955681322384504
                ],
                [
                    -0.7970077246368152,
                    -0.0011955681322383671,
                    1.606016363574902
                ]
            ],
            "cdA_Re": [
                [
                    5.0215021830019255,
                    -0.6090319665538487,
                    1.4548596099978899
                ],
                [
                    -0.6090319665538491,
                    5.148568710707805,
                    0.49651653048002464
                ],
                [
                    1.4548596099978899,
                    0.49651653048002453,
                    4.824859767809509
                ]
            ],
            "ceV_Re": [
                [
                    6.993412166584163,
                    0.18023642798510825,
                    0.10978825380984775
                ],
                [
                    0.1802364279851083,
                    4.099219272799355,
                    -0.9905837352156026
                ],
                [
                    0.1097882538098478,
                    -0.9905837352156026,
                    3.906996670333231
                ]
            ],
            "ceA_Re": [
                [
                    8.988979193395599,
                    0.11700163280713244,
                    0.16038095346399434
                ],
                [
                    0.1170016328071325,
                    4.100015994025713,
                    -0.9921688765078616
                ],
                [
                    0.1603809534639944,
                    -0.9921688765078616,
                    3.9070472400615666
                ]
            ],
            "cnu_Re": [
                [
                    -0.9992115493984772,
                    6.348956233143984e-08,
                    1.9066492975467213e-06
                ],
                [
                    6.348956233143986e-08,
                    0.000814346550720712,
                    5.522269620365984e-06
                ],
                [
                    1.9066492975467213e-06,
                    5.522269620365984e-06,
                    0.0008325154274624827
                ]
            ],
            "cG_Re": -13.0,
            "cgamma_Re": -36.66666666666667,
            "cuV_Im": [
                [
                    0.0,
                    0.0
                ],
                [
                    0.0,
                    0.0
                ]
            ],
            "cuA_Im": [
                [
                    -3.589577263080125e-43,
                    0.0
                ],
                [
                    0.0,
                    -3.589577263080125e-43
                ]
            ],
            "cdV_Im": [
                [
